3,2
3,1
3,3
10,171
10,191
10,147
10,239
10,127
10,13
10,85
10,91
10,2
10,3
11,17
11,2
11,3
9,7
9,2
9,3
8,12
8,16
8,10
8,6
8,15
8,11
8,2
8,3
0,318
12,2
12,1
12,3
36,19
36,18
36,17
36,15
36,12
36,11
36,10
36,9
36,8
36,7
36,1
36,6
36,3
36,2
36,0
35,5
35,4
35,3
35,2
35,1
34,39
34,38
34,37
34,36
34,35
34,34
34,33
34,32
34,31
34,30
34,29
34,28
34,27
34,26
34,25
34,24
34,23
34,22
34,21
34,20
34,19
34,18
34,17
34,16
34,15
34,14
34,13
34,12
34,11
34,10
34,9
34,8
34,7
34,6
34,5
34,4
34,3
34,2
34,1
34,0
32,5
32,4
32,3
32,1
30,4
30,3
30,2
30,1
29,5
29,4
29,3
29,1
28,5
28,4
28,3
28,1
27,4
27,3
27,1
26,5
26,4
26,3
26,2
26,1
25,6
25,5
25,4
25,3
25,1
20,3
20,2
20,1
19,1
